191317
196781
143419
153949
182322
120210
148145
103376
193475
182941
141212
182476
146624
184075
187947
162912
178871
123087
122908
116519
146634
119051
188634
107056
182145
104466
134280
120741
122014
129610
145613
178568
196449
151285
150750
198230
193463
161704
109255
117737
124532
194334
144782
103685
154879
167684
175229
171600
175420
148937
139169
117665
118254
191450
198638
196838
148070
124994
194021
126956
173050
111019
126361
173383
151572
198330
137032
156841
119708
145859
100189
156790
177806
184301
162172
100631
191131
170041
140497
101722
101778
184042
163570
197803
129707
196367
165787
117577
149027
183202
189929
119892
179325
178660
176270
158130
112664
150961
135210
159189