96072575993
83032368544
80080271884
63010329644
52012677299
97062595582
94031222874
71040741259
52123065691
59020189949
77051773474
00311254958
65120888132
62040712488
91012118296
56031644427
79082594411
79012855698
55051311481
80021884182
74102489676
50052644297
97090534236
64121132141
82101647184
61072118851
68060862316
84112167288
94052985349
04260288594
90041397689
56091598487
97022856113
72040344572
84070876376
48122786219
92071247981
55121013215
01320622367
51110561581
76070288893
70110256712
58080151149
77090114425
47081518473
68032782488
65110623493
55083067611
65091437148
05311182311
83103192931
75121696618
06250197691
50043073536
57012829493
91122624638
71041372618
86111314739
99032871782
66061753527
85111571632
66061947331
68050569144
75071747668
52032862457
93071981143
61062578764
76042722837
77112293299
01301329759
55113068656
05260349924
02260798871
98021044585
66012218123
90090634654
64011568652
79060298469
04232729566
55090776739
02291299329
02321252418
73060644763
69081523145
87082354755
98082126347
95090685136
47091233689
50122968281
71041181456
79101716259
67122764335
51052982899
61040455126
54071864724
54012527345
79102598618
61050791577
74010218946
05281234579
66012218123
90090634654
64011568652
79060298469
04232729566
55090776739
02291299329
02321252418
73060644763
69081523145
87082354755
98082126347
95090685136
47091233689
50122968281
71041181456
79101716259
67122764335
51052982899
61040455126
54071864724
54012527345
79102598618
61050791577
74010218946