+48 211 150 062
+48 450 244 032
+48 880 651 765
+48 603 897 188
+48 211 316 501
+48 698 390 540
+48 211 350 585
+48 458 052 074
+48 450 299 054
+48 458 282 722
+48 455 806 828
+48 457 740 574
+48 782 206 617
+48 211 179 119
+48 211 334 365
+48 211 129 979
+48 211 172 912
+48 456 450 574
+48 211 118 028
+48 453 968 452
+48 578 994 113
+48 211 350 929
+48 211 340 755
+48 211 322 699
+48 211 135 282
+48 211 347 138
+48 211 145 047
+48 576 972 996
+48 453 683 045
+48 693 876 834
+48 535 053 336
+48 602 072 128
+48 211 337 827
+48 888 366 332
+48 503 788 197
+48 450 684 854
+48 211 359 813
+48 660 391 985
+48 211 339 963
+48 211 154 178
+48 211 330 442
+48 454 450 756
+48 515 689 773
+48 211 354 328
+48 451 493 754
+48 211 320 333
+48 451 743 551
+48 211 114 748
+48 454 389 042
+48 459 837 736
+48 211 320 047
+48 211 344 047
+48 459 974 964
+48 458 111 431
+48 455 113 641
+48 452 415 799
+48 211 349 825
+48 693 541 122
+48 211 353 876
+48 211 174 419
+48 211 351 923
+48 211 314 196
+48 516 869 566
+48 211 356 959
+48 211 332 345
+48 211 317 154
+48 211 352 744
+48 450 500 208
+48 211 190 451
+48 211 336 035
+48 607 174 634
+48 452 516 849
+48 211 324 421
+48 455 246 720
+48 513 614 622
+48 211 336 788
+48 211 347 874
+48 458 334 562
+48 516 780 410
+48 604 821 137
+48 453 945 335
+48 450 725 225
+48 884 860 326
+48 500 384 665
+48 456 615 394
+48 211 332 352
+48 606 286 772
+48 455 638 418
+48 453 145 124
+48 785 281 196
+48 516 728 920
+48 537 071 069
+48 459 994 963
+48 211 318 811
+48 211 139 515
+48 799 289 632
+48 450 548 434
+48 783 778 149
+48 573 146 988
+48 211 139 280