3.32592
4.07146
3.78064
4.3751
2.78123
3.33971
3.49918
4.30179
3.90466
3.8231
2.92768
4.53379
3.28366
2.72809
2.56514
4.76066
3.91113
3.01141
2.89717
2.77612
3.11985
4.4325
3.2579
2.01654
3.67127
2.3193
3.07106
2.82294
2.9753
3.48955
2.89201
3.85517
3.94222
3.07398
3.18993
4.54428
3.42279
4.78177
3.67546
2.82541
3.345
3.63536
3.04137
3.79282
3.7866
3.57953
2.44126
3.24042
2.50552
2.24728
2.77209
2.69299
3.52947
2.85213
3.35605
2.66371
3.55158
3.79512
3.76486
3.57333
4.62694
4.67903
3.31972
3.43896
3.89868
3.33115
3.28498
3.05811
2.46668
3.77192
2.74667
4.45644
4.13242
4.89277
4.59431
3.47297
3.24737
4.32957
3.32384
2.65303
4.46673
3.36458
3.61573
3.90771
4.62554
4.51243
4.2433
3.50431
3.55939
3.50752
3.53675
3.28489
2.93907
3.0027
4.05319
3.76365
2.95473
4.717
2.71016
3.25108